+p dimension
$13 = 27
+p *NgPeyton.pSuperNodeCols@dimension
$14 = {1, 6, 10, 13, 15, 23, 30, 34, 38, 42, 46, 52, 56, 59, 61, 68, 76, 80, 84, 88, 92, 101, 105, 112, 116, 
  123, 125}
+p *NgPeyton.SuperNodeRows@NgPeyton.pSuperNodeCols[dimension]-1
$15 = {2, 3, 4, 22, 24, 1, 3, 24, 26, 1, 2, 24, 1, 5, 4, 6, 7, 8, 9, 10, 23, 25, 5, 7, 8, 9, 10, 25, 27, 5, 6, 
  21, 25, 5, 6, 21, 25, 5, 6, 21, 25, 5, 6, 21, 25, 12, 13, 14, 21, 22, 24, 11, 13, 22, 26, 11, 12, 22, 11, 
  16, 16, 17, 18, 19, 20, 23, 27, 14, 15, 17, 18, 19, 20, 23, 25, 15, 16, 21, 23, 15, 16, 21, 23, 15, 16, 21, 
  23, 15, 16, 21, 23, 7, 8, 9, 10, 11, 17, 18, 19, 20, 1, 11, 12, 13, 5, 15, 16, 17, 18, 19, 20, 1, 2, 3, 11, 
  5, 6, 7, 8, 9, 10, 16, 2, 12, 6, 15}
+p *Factor.InvPerm@dimension
$16 = {0 <repeats 27 times>}
+p *Factor.Perm@dimension
$17 = {0 <repeats 27 times>}
+p NgPeyton.NumCompressedCols
$18 = 30
+set loggin off
