+p dimension
$19 = 27
+p *NgPeyton.pSuperNodeCols@dimension
$20 = {1, 6, 10, 13, 15, 23, 30, 34, 38, 42, 46, 52, 56, 59, 61, 68, 76, 80, 84, 88, 92, 101, 105, 112, 116, 
  123, 125}
+p *NgPeyton.SuperNodeRows@NgPeyton.pSuperNodeCols[dimension]-1
$21 = {11, 5, 0, 0, -4, 1, 11, 0, -24, 1, 2, 24, 1, 5, 11, 6, 0, 0, 8, 7, 0, 11, 5, 16, 21, 0, 15, 0, -25, 5, 
  6, 21, 25, 5, 6, 21, 25, 5, 6, 21, 25, 5, 6, 21, 25, 21, 5, 16, 0, 0, -14, 11, 22, 2, 0, 11, 12, 22, 11, 16, 
  16, 21, 23, 6, 0, 0, -27, 11, 6, 0, 0, 18, 17, 0, 11, 15, 16, 21, 23, 15, 16, 21, 23, 15, 16, 21, 23, 15, 
  16, 21, 23, 11, 6, 0, 0, 7, 15, 0, 8, 7, 1, 11, 2, 0, 5, 16, 21, 6, 0, 0, -15, 11, 1, 2, 0, 16, 5, 6, 21, 0, 
  0, -10, 2, 12, 6, 15}
+p *Factor.InvPerm@dimension
$22 = {11, 10, 6, 4, 26, 24, 20, 19, 18, 17, 12, 7, 5, 3, 21, 27, 16, 15, 14, 13, 25, 9, 23, 8, 22, 2, 1}
+p *Factor.Perm@dimension
$23 = {27, 26, 14, 4, 13, 3, 12, 24, 22, 2, 1, 11, 20, 19, 18, 17, 10, 9, 8, 7, 15, 25, 23, 6, 21, 5, 16}
+p NgPeyton.NumCompressedCols
$24 = 79
+set loggin off
